NUMPOLLIES 12

// Floor 1
-1.0  -1.0 -1.0 0.0 1.0 0.0 -1.0 0.0
-1.0  -1.0  1.0 0.0 0.0 0.0 -1.0 0.0
 1.0  -1.0  1.0 1.0 0.0 0.0 -1.0 0.0

-1.0  -1.0 -1.0 0.0 1.0 0.0 -1.0 0.0
 1.0  -1.0 -1.0 1.0 1.0 0.0 -1.0 0.0
 1.0  -1.0  1.0 1.0 0.0 0.0 -1.0 0.0

// Ceiling 1
-1.0  1.0 -1.0 0.0 1.0 0.0 1.0 0.0
-1.0  1.0  1.0 0.0 0.0 0.0 1.0 0.0
 1.0  1.0  1.0 1.0 0.0 0.0 1.0 0.0

-1.0  1.0 -1.0 0.0 1.0 0.0 1.0 0.0
 1.0  1.0 -1.0 1.0 1.0 0.0 1.0 0.0
 1.0  1.0  1.0 1.0 0.0 0.0 1.0 0.0

// Wall 1

-1.0 -1.0 1.0 0.0 1.0 0.0 0.0 1.0
-1.0 1.0 1.0 0.0 0.0 0.0 0.0 1.0
1.0 1.0 1.0 1.0 0.0 0.0 0.0 1.0

-1.0 -1.0 1.0 0.0 1.0 0.0 0.0 1.0
1.0 -1.0 1.0 1.0 1.0 0.0 0.0 1.0
1.0 1.0 1.0 1.0 0.0 0.0 0.0 1.0

// Wall 2

-1.0 -1.0 -1.0 0.0 1.0 0.0 0.0 -1.0
-1.0 1.0 -1.0 0.0 0.0 0.0 0.0 -1.0
1.0 1.0 -1.0 1.0 0.0 0.0 0.0 -1.0

-1.0 -1.0 -1.0 0.0 1.0 0.0 0.0 -1.0
1.0 -1.0 -1.0 1.0 1.0 0.0 0.0 -1.0
1.0 1.0 -1.0 1.0 0.0 0.0 0.0 -1.0

// Wall 3

1.0 -1.0 1.0 0.0 1.0 1.0 0.0 0.0
1.0 1.0 1.0 0.0 0.0 1.0 0.0 0.0
1.0 1.0 -1.0 1.0 0.0 1.0 0.0 0.0

1.0 -1.0 1.0 0.0 1.0 1.0 0.0 0.0
1.0 -1.0 -1.0 1.0 1.0 1.0 0.0 0.0
1.0 1.0 -1.0 1.0 0.0 1.0 0.0 0.0

// Wall 4

-1.0 -1.0 1.0 0.0 1.0 -1.0 0.0 0.0
-1.0 1.0 1.0 0.0 0.0 -1.0 0.0 0.0
-1.0 1.0 -1.0 1.0 0.0 -1.0 0.0 0.0

-1.0 -1.0 1.0 0.0 1.0 -1.0 0.0 0.0
-1.0 -1.0 -1.0 1.0 1.0 -1.0 0.0 0.0
-1.0 1.0 -1.0 1.0 0.0 -1.0 0.0 0.0