NUMPOLLIES 12

// Floor 1
-5.0  0.0 -5.0 0.0 2.0 0.0 1.0 0.0
-5.0  0.0  5.0 0.0 0.0 0.0 1.0 0.0
 5.0  0.0  5.0 2.0 0.0 0.0 1.0 0.0

-5.0  0.0 -5.0 0.0 2.0 0.0 1.0 0.0
 5.0  0.0 -5.0 2.0 2.0 0.0 1.0 0.0
 5.0  0.0  5.0 2.0 0.0 0.0 1.0 0.0

// Ceiling 1
-5.0  2.0 -5.0 0.0 2.0 0.0 -1.0 0.0
-5.0  2.0  5.0 0.0 0.0 0.0 -1.0 0.0
 5.0  2.0  5.0 2.0 0.0 0.0 -1.0 0.0

-5.0  2.0 -5.0 0.0 2.0 0.0 -1.0 0.0
 5.0  2.0 -5.0 2.0 2.0 0.0 -1.0 0.0
 5.0  2.0  5.0 2.0 0.0 0.0 -1.0 0.0

// Wall 1

-5.0 0.0 5.0 0.0 1.0 0.0 0.0 -1.0
-5.0 2.0 5.0 0.0 0.0 0.0 0.0 -1.0
5.0 2.0 5.0 2.0 0.0 0.0 0.0 -1.0

-5.0 0.0 5.0 0.0 1.0 0.0 0.0 -1.0
5.0 0.0 5.0 2.0 1.0 0.0 0.0 -1.0
5.0 2.0 5.0 2.0 0.0 0.0 0.0 -1.0

// Wall 2

-5.0 0.0 -5.0 0.0 1.0 0.0 0.0 1.0
-5.0 2.0 -5.0 0.0 0.0 0.0 0.0 1.0
5.0 2.0 -5.0 2.0 0.0 0.0 0.0 1.0

-5.0 0.0 -5.0 0.0 1.0 0.0 0.0 1.0
5.0 0.0 -5.0 2.0 1.0 0.0 0.0 1.0
5.0 2.0 -5.0 2.0 0.0 0.0 0.0 1.0

// Wall 3

5.0 0.0 5.0 0.0 1.0 -1.0 0.0 0.0
5.0 2.0 5.0 0.0 0.0 -1.0 0.0 0.0
5.0 2.0 -5.0 2.0 0.0 -1.0 0.0 0.0

5.0 0.0 5.0 0.0 1.0 -1.0 0.0 0.0
5.0 0.0 -5.0 2.0 1.0 -1.0 0.0 0.0
5.0 2.0 -5.0 2.0 0.0 -1.0 0.0 0.0

// Wall 4

-5.0 0.0 5.0 0.0 1.0 1.0 0.0 0.0
-5.0 2.0 5.0 0.0 0.0 1.0 0.0 0.0
-5.0 2.0 -5.0 2.0 0.0 1.0 0.0 0.0

-5.0 0.0 5.0 0.0 1.0 1.0 0.0 0.0
-5.0 0.0 -5.0 2.0 1.0 1.0 0.0 0.0
-5.0 2.0 -5.0 2.0 0.0 1.0 0.0 0.0